D:\GCN\定位校准\dingwei_data\data5\4\1_4.npy
[0.9099971962545546 -0.38979591836734695 -106.44285714285714
 -0.33052508286279264 -152.71497757103978 list([93.0, -178.0, 1.0])
 list([521.0, -325.0, 1.0]) list([74.0, -179.0, 1.0])
 list([93.0, -187.0, 1.0])]
[0.8336677740703554 -0.38979591836734695 -106.44285714285714
 -0.275591022888597 -168.82072804936325 list([79.0, -189.0, 1.0])
 list([498.0, -316.0, 1.0]) list([83.0, -193.0, 1.0])
 list([511.0, -300.0, 1.0])]
[0.8629062637443115 -0.38979591836734695 -106.44285714285714
 -0.2959351353198664 -160.9186485955384 list([496.0, -314.0, 1.0])
 list([79.0, -190.0, 1.0]) list([498.0, -302.0, 1.0])
 list([77.0, -178.0, 1.0])]
[0.8819481071310524 -0.38979591836734695 -106.44285714285714
 -0.31101504225651544 -161.78890788611136 list([500.0, -310.0, 1.0])
 list([80.0, -187.0, 1.0]) list([519.0, -327.0, 1.0])
 list([521.0, -327.0, 1.0])]
[0.9233704468843017 -0.38979591836734695 -106.44285714285714
 -0.33914028452396866 -145.6980743755636 list([92.0, -176.0, 0.8])
 list([508.0, -318.0, 1.0]) list([93.0, -176.0, 1.0])
 list([89.0, -178.0, 1.0])]
[0.8706346928929227 -0.38979591836734695 -106.44285714285714
 -0.30101570126608684 -157.62765345435307
 list([83.0, -192.0, 0.8333333333333334]) list([93.0, -176.0, 1.0])
 list([498.0, -307.0, 1.0]) list([497.0, -308.0, 1.0])]
[0.8702000237771814 -0.38979591836734695 -106.44285714285714
 -0.30018294486457975 -155.8648745860007 list([74.0, -179.0, 1.0])
 list([512.0, -310.0, 1.0]) list([101.0, -177.0, 0.95])
 list([81.0, -188.0, 1.0])]
[0.8418405787554956 -0.38979591836734695 -106.44285714285714
 -0.2787946827833139 -157.7434592737991 list([499.0, -309.0, 1.0])
 list([79.0, -190.0, 1.0]) list([93.0, -173.0, 1.0])
 list([502.0, -286.0, 1.0])]
[0.8715220028363051 -0.38979591836734695 -106.44285714285714
 -0.30042682127405423 -153.07045974332456 list([92.0, -177.0, 1.0])
 list([501.0, -286.0, 0.8]) list([101.0, -188.0, 0.775])
 list([520.0, -326.0, 1.0])]
[0.907880730309587 -0.38979591836734695 -106.44285714285714
 -0.32785773286040504 -149.2439910597153 list([92.0, -176.0, 0.8])
 list([82.0, -187.0, 1.0]) list([106.0, -176.0, 1.0])
 list([507.0, -316.0, 1.0])]
[0.9086311017818429 -0.38979591836734695 -106.44285714285714
 -0.3287597000465894 -150.32338946576397 list([84.0, -191.0, 0.9])
 list([508.0, -318.0, 1.0]) list([109.0, -176.0, 1.0])
 list([92.0, -177.0, 1.0])]
[0.8753674498382124 -0.38979591836734695 -106.44285714285714
 -0.3024762004249128 -149.71247332773135 list([80.0, -179.0, 1.0])
 list([471.0, -276.0, 0.85]) list([93.0, -174.0, 0.8])
 list([507.0, -318.0, 1.0])]
[0.8765538887217108 -0.38979591836734695 -106.44285714285714
 -0.30743631216392536 -164.0524150844363 list([142.0, -205.0, 1.0])
 list([519.0, -324.0, 1.0]) list([79.0, -189.0, 1.0])
 list([79.0, -190.0, 1.0])]
[0.8154754546443234 -0.38979591836734695 -106.44285714285714
 -0.26174588926705894 -168.9913498097391 list([81.0, -189.0, 1.0])
 list([83.0, -193.0, 1.0]) list([501.0, -312.0, 1.0])
 list([466.0, -278.0, 1.0])]
[0.9123350161341411 -0.38979591836734695 -106.44285714285714
 -0.33268446976495203 -153.7826966647185 list([141.0, -202.0, 1.0])
 list([73.0, -177.0, 1.0]) list([496.0, -318.0, 0.75])
 list([519.0, -327.0, 1.0])]
[0.8473332078359038 -0.38979591836734695 -106.44285714285714
 -0.28376515668388014 -160.43422773105232 list([502.0, -314.0, 1.0])
 list([455.0, -277.0, 1.0]) list([74.0, -179.0, 1.0])
 list([80.0, -187.0, 1.0])]
[0.9387851959275587 -0.38979591836734695 -106.44285714285714
 -0.35003483798344737 -140.72667409664294 list([497.0, -313.0, 0.9])
 list([135.0, -188.0, 0.85]) list([92.0, -173.0, 1.0])
 list([519.0, -324.0, 1.0])]
[0.9286660948443293 -0.38979591836734695 -106.44285714285714
 -0.3427392931660388 -143.52268606553753 list([77.0, -177.0, 1.0])
 list([113.0, -168.0, 1.0]) list([83.0, -178.0, 1.0])
 list([497.0, -315.0, 1.0])]
[0.9033931751089878 -0.38979591836734695 -106.44285714285714
 -0.32276489619415594 -143.8095625517916 list([520.0, -326.0, 1.0])
 list([93.0, -176.0, 1.0]) list([92.0, -174.0, 1.0])
 list([453.0, -273.0, 1.0])]
[0.9706313068090772 -0.38979591836734695 -106.44285714285714
 -0.3730360927185052 -131.2436307936709 list([496.0, -317.0, 0.9])
 list([93.0, -173.0, 1.0]) list([150.0, -179.0, 0.9])
 list([521.0, -326.0, 1.0])]
[0.8095168101581662 -0.38979591836734695 -106.44285714285714
 -0.2546769167839649 -159.70598585195071 list([82.0, -190.0, 0.8])
 list([502.0, -288.0, 0.95]) list([101.0, -173.0, 0.85])
 list([101.0, -188.0, 0.775])]
[0.8633648703841046 -0.38979591836734695 -106.44285714285714
 -0.295235793326835 -157.14828257353977 list([101.0, -173.0, 0.85])
 list([503.0, -283.0, 1.0]) list([80.0, -192.0, 1.0])
 list([469.0, -321.0, 0.8])]
[0.8707505642210236 -0.38979591836734695 -106.44285714285714
 -0.3016281622663935 -159.48798151327466 list([508.0, -319.0, 1.0])
 list([82.0, -187.0, 1.0]) list([454.0, -277.0, 1.0])
 list([521.0, -327.0, 1.0])]
[0.8231706208911758 -0.38979591836734695 -106.44285714285714
 -0.26696450943559996 -166.64926721180194 list([456.0, -278.0, 1.0])
 list([498.0, -309.0, 1.0]) list([82.0, -192.0, 1.0])
 list([93.0, -189.0, 0.8666666666666667])]
[0.8707912200534256 -0.38979591836734695 -106.44285714285714
 -0.3024690009928418 -162.36886844594218 list([85.0, -194.0, 1.0])
 list([497.0, -316.0, 1.0]) list([499.0, -311.0, 0.9])
 list([144.0, -199.0, 1.0])]
[0.9163688377366308 -0.38979591836734695 -106.44285714285714
 -0.33378342712652315 -146.44031603054734 list([104.0, -173.0, 1.0])
 list([519.0, -324.0, 1.0]) list([498.0, -307.0, 1.0])
 list([150.0, -206.0, 0.95])]
[0.922533235134948 -0.38979591836734695 -106.44285714285714
 -0.3396272275402772 -149.71126439621955 list([156.0, -203.0, 1.0])
 list([113.0, -172.0, 1.0]) list([84.0, -193.0, 1.0])
 list([519.0, -327.0, 1.0])]
[0.913527207498094 -0.38979591836734695 -106.44285714285714
 -0.3292412904914241 -138.44078446699567 list([465.0, -278.0, 0.85])
 list([113.0, -168.0, 1.0]) list([497.0, -315.0, 1.0])
 list([89.0, -176.0, 0.85])]
[0.8770168739477125 -0.38979591836734695 -106.44285714285714
 -0.30636603440936605 -158.97016329868717 list([507.0, -317.0, 1.0])
 list([497.0, -310.0, 1.0]) list([80.0, -190.0, 1.0])
 list([160.0, -200.0, 1.0])]
[0.8904294975692022 -0.38979591836734695 -106.44285714285714
 -0.3160974410457088 -156.25173226249257 list([508.0, -317.0, 1.0])
 list([103.0, -173.0, 1.0]) list([142.0, -206.0, 1.0])
 list([79.0, -192.0, 1.0])]
[0.839640742922972 -0.38979591836734695 -106.44285714285714
 -0.2793455561001932 -165.82752367457397 list([469.0, -321.0, 0.8])
 list([512.0, -310.0, 1.0]) list([500.0, -282.0, 1.0])
 list([93.0, -190.0, 0.9])]
[0.9025441482673635 -0.38979591836734695 -106.44285714285714
 -0.32436160560334004 -151.77157416490618 list([74.0, -179.0, 1.0])
 list([516.0, -322.0, 1.0]) list([206.0, -214.0, 1.0])
 list([514.0, -317.0, 0.8])]
[0.9512952542391792 -0.38979591836734695 -106.44285714285714
 -0.35916685315216795 -137.48329230652303 list([112.0, -170.0, 1.0])
 list([93.0, -174.0, 0.8]) list([160.0, -200.0, 1.0])
 list([515.0, -322.0, 1.0])]
[0.7765185615870327 -0.38979591836734695 -106.44285714285714
 -0.23144123595989155 -165.69535654344367 list([135.0, -211.0, 1.0])
 list([500.0, -282.0, 1.0]) list([105.0, -177.0, 1.0])
 list([501.0, -280.0, 1.0])]
[0.8816402898211229 -0.38979591836734695 -106.44285714285714
 -0.308533607807977 -153.84907782083667 list([100.0, -173.0, 1.0])
 list([128.0, -190.0, 0.9]) list([497.0, -308.0, 1.0])
 list([84.0, -194.0, 1.0])]
[0.8731922761770707 -0.38979591836734695 -106.44285714285714
 -0.30104340018160686 -150.6385450457904 list([471.0, -276.0, 0.85])
 list([135.0, -188.0, 0.85]) list([80.0, -179.0, 1.0])
 list([508.0, -319.0, 1.0])]
[0.8936184246021919 -0.38979591836734695 -106.44285714285714
 -0.3153233768143341 -144.68154473081685 list([482.0, -295.0, 0.9])
 list([521.0, -322.0, 0.9]) list([462.0, -277.0, 0.9])
 list([93.0, -176.0, 1.0])]
[0.7818030146968756 -0.38979591836734695 -106.44285714285714
 -0.2359965274554875 -167.88194713651578 list([81.0, -188.0, 1.0])
 list([456.0, -278.0, 1.0]) list([94.0, -189.0, 0.9333333333333333])
 list([460.0, -274.0, 1.0])]
[0.9404427125206946 -0.38979591836734695 -106.44285714285714
 -0.3525150398437745 -144.68773819647865 list([150.0, -206.0, 0.95])
 list([150.0, -204.0, 1.0]) list([113.0, -171.0, 0.9])
 list([521.0, -327.0, 1.0])]
[0.87314446105461 -0.38979591836734695 -106.44285714285714
 -0.30333121027276355 -158.9154362889471 list([500.0, -310.0, 1.0])
 list([103.0, -173.0, 1.0]) list([84.0, -191.0, 0.9])
 list([135.0, -211.0, 1.0])]
[0.9386629546511835 -0.38979591836734695 -106.44285714285714
 -0.3514101103956879 -145.8107069157993 list([519.0, -327.0, 1.0])
 list([143.0, -206.0, 1.0]) list([152.0, -204.0, 1.0])
 list([113.0, -172.0, 1.0])]
[0.8750419226840318 -0.38979591836734695 -106.44285714285714
 -0.30428109342297205 -157.03521912855967 list([141.0, -205.0, 1.0])
 list([497.0, -308.0, 1.0]) list([77.0, -189.0, 0.95])
 list([93.0, -172.0, 1.0])]
[0.8439534583757642 -0.38979591836734695 -106.44285714285714
 -0.28042678568315355 -157.7753491169651 list([102.0, -187.0, 1.0])
 list([501.0, -280.0, 1.0]) list([507.0, -318.0, 1.0])
 list([152.0, -200.0, 1.0])]
[0.9255758252718769 -0.38979591836734695 -106.44285714285714
 -0.3406005509880153 -144.66187327275648 list([163.0, -197.0, 1.0])
 list([521.0, -322.0, 0.9]) list([92.0, -174.0, 1.0])
 list([144.0, -199.0, 1.0])]
[0.9070947440741434 -0.38979591836734695 -106.44285714285714
 -0.3289057379227268 -155.09235238888198 list([520.0, -325.0, 1.0])
 list([496.0, -317.0, 0.9]) list([171.0, -225.0, 0.9])
 list([101.0, -177.0, 0.95])]
[0.872789890634179 -0.38979591836734695 -106.44285714285714
 -0.3029916664750673 -158.69001879066695 list([169.0, -195.0, 1.0])
 list([81.0, -192.0, 1.0]) list([506.0, -315.0, 1.0])
 list([93.0, -190.0, 0.9])]
[0.8870769825004492 -0.38979591836734695 -106.44285714285714
 -0.31266608210228974 -153.41828927904476 list([498.0, -309.0, 1.0])
 list([105.0, -177.0, 1.0]) list([94.0, -189.0, 0.9333333333333333])
 list([142.0, -201.0, 1.0])]
[0.8809532874247695 -0.38979591836734695 -106.44285714285714
 -0.30628415201738757 -147.77049211452294 list([104.0, -173.0, 1.0])
 list([498.0, -315.0, 1.0]) list([156.0, -203.0, 1.0])
 list([502.0, -286.0, 1.0])]
[0.8733037030529607 -0.38979591836734695 -106.44285714285714
 -0.30214157738417324 -154.2405576999387 list([77.0, -178.0, 1.0])
 list([139.0, -198.0, 1.0]) list([454.0, -277.0, 1.0])
 list([515.0, -322.0, 1.0])]
[0.7680735558119793 -0.38979591836734695 -106.44285714285714
 -0.22876921298109393 -179.2089286979743 list([126.0, -213.0, 0.9])
 list([498.0, -307.0, 1.0]) list([140.0, -206.0, 1.0])
 list([500.0, -280.0, 1.0])]
[0.7922070076733119 -0.38979591836734695 -106.44285714285714
 -0.2429504992411176 -164.67176078761645 list([455.0, -277.0, 1.0])
 list([467.0, -276.0, 0.9]) list([92.0, -187.0, 1.0])
 list([502.0, -287.0, 1.0])]
[0.9022099304967371 -0.38979591836734695 -106.44285714285714
 -0.3245502310337778 -153.36003418895578 list([516.0, -322.0, 1.0])
 list([93.0, -189.0, 0.8666666666666667]) list([151.0, -205.0, 1.0])
 list([163.0, -197.0, 1.0])]
[0.754811131727957 -0.38979591836734695 -106.44285714285714
 -0.2167290253028095 -171.24545627496985 list([80.0, -191.0, 1.0])
 list([90.0, -190.0, 1.0]) list([500.0, -280.0, 1.0])
 list([156.0, -203.0, 1.0])]
[0.9450971953530765 -0.38979591836734695 -106.44285714285714
 -0.3551788745123108 -140.96055392686313 list([521.0, -327.0, 1.0])
 list([142.0, -202.0, 1.0]) list([93.0, -173.0, 1.0])
 list([182.0, -195.0, 0.8])]
[0.8944998626425004 -0.38979591836734695 -106.44285714285714
 -0.3179735631722408 -151.58960460748494 list([114.0, -170.0, 0.9])
 list([84.0, -192.0, 1.0]) list([151.0, -203.0, 1.0])
 list([499.0, -311.0, 0.9])]
[0.8869382669350007 -0.38979591836734695 -106.44285714285714
 -0.3120452477385052 -151.60631255910215 list([141.0, -204.0, 1.0])
 list([455.0, -277.0, 1.0]) list([94.0, -176.0, 1.0])
 list([520.0, -327.0, 1.0])]
[0.7823585803125241 -0.38979591836734695 -106.44285714285714
 -0.23696868715068886 -169.92954208803312 list([455.0, -277.0, 1.0])
 list([81.0, -188.0, 1.0]) list([509.0, -291.0, 1.0])
 list([142.0, -205.0, 1.0])]
[0.8307225566824208 -0.38979591836734695 -106.44285714285714
 -0.27171258291925293 -162.9458529226715 list([511.0, -300.0, 1.0])
 list([514.0, -317.0, 0.8]) list([501.0, -286.0, 0.8])
 list([142.0, -202.0, 1.0])]
[0.8595316171663809 -0.38979591836734695 -106.44285714285714
 -0.2948211032638445 -166.28872057648996 list([200.0, -226.0, 1.0])
 list([521.0, -327.0, 1.0]) list([484.0, -301.0, 0.8])
 list([80.0, -190.0, 1.0])]
[0.9084010179842378 -0.38979591836734695 -106.44285714285714
 -0.33114292065908313 -159.2986983748997 list([519.0, -324.0, 1.0])
 list([317.0, -278.0, 1.0]) list([77.0, -189.0, 0.95])
 list([89.0, -178.0, 1.0])]
[0.8869234751036812 -0.38979591836734695 -106.44285714285714
 -0.3111568216983708 -148.5027477928461 list([521.0, -325.0, 1.0])
 list([453.0, -271.0, 1.0]) list([152.0, -204.0, 1.0])
 list([92.0, -173.0, 1.0])]
[0.8666752689429226 -0.38979591836734695 -106.44285714285714
 -0.29623859763492305 -151.55792257656307 list([142.0, -205.0, 1.0])
 list([93.0, -174.0, 0.8]) list([479.0, -292.0, 0.8])
 list([92.0, -174.0, 1.0])]
[0.8550037069589729 -0.38979591836734695 -106.44285714285714
 -0.29175273244600086 -167.8556351996498 list([508.0, -315.0, 1.0])
 list([140.0, -205.0, 1.0]) list([89.0, -190.0, 0.8])
 list([163.0, -224.0, 1.0])]
[0.8437649467842134 -0.38979591836734695 -106.44285714285714
 -0.2814142647868748 -161.85713482872444 list([506.0, -315.0, 1.0])
 list([95.0, -188.0, 0.8]) list([454.0, -277.0, 1.0])
 list([141.0, -204.0, 1.0])]
[0.8924353596060183 -0.38979591836734695 -106.44285714285714
 -0.3133681273375503 -141.05140424285284 list([503.0, -289.0, 1.0])
 list([453.0, -271.0, 1.0]) list([111.0, -177.0, 1.0])
 list([496.0, -317.0, 0.9])]
[0.9135290633780269 -0.38979591836734695 -106.44285714285714
 -0.33096279962394703 -144.45774098583405 list([174.0, -195.0, 0.9])
 list([508.0, -317.0, 1.0]) list([79.0, -190.0, 1.0])
 list([152.0, -178.0, 0.8])]
[0.767473022002034 -0.38979591836734695 -106.44285714285714
 -0.22660929391506276 -172.86956982203722 list([456.0, -276.0, 1.0])
 list([465.0, -278.0, 0.85]) list([79.0, -188.0, 1.0])
 list([132.0, -206.0, 1.0])]
[0.8589119130614604 -0.38979591836734695 -106.44285714285714
 -0.2910807045684763 -154.6171765802143 list([142.0, -204.0, 1.0])
 list([152.0, -178.0, 0.8]) list([498.0, -302.0, 1.0])
 list([79.0, -188.0, 1.0])]
[0.8734328458925499 -0.38979591836734695 -106.44285714285714
 -0.3041221959202695 -160.92945293632147 list([87.0, -190.0, 1.0])
 list([80.0, -189.0, 0.9545454545454546]) list([498.0, -315.0, 1.0])
 list([204.0, -214.0, 1.0])]
[0.9502304070309606 -0.38979591836734695 -106.44285714285714
 -0.35858090192867653 -138.42382622934818 list([521.0, -327.0, 1.0])
 list([520.0, -325.0, 1.0]) list([498.0, -315.0, 1.0])
 list([163.0, -197.0, 1.0])]
[0.8877907962688169 -0.38979591836734695 -106.44285714285714
 -0.31184914046154644 -148.54974704392055 list([498.0, -302.0, 1.0])
 list([484.0, -301.0, 0.8]) list([192.0, -210.0, 1.0])
 list([92.0, -176.0, 0.8])]
[0.8940275176956436 -0.38979591836734695 -106.44285714285714
 -0.3184856842937344 -154.70374966532228 list([227.0, -228.0, 0.9])
 list([82.0, -187.0, 1.0]) list([92.0, -177.0, 1.0])
 list([507.0, -316.0, 1.0])]
[0.8989816691480917 -0.38979591836734695 -106.44285714285714
 -0.3211670486000279 -150.41624701639373 list([83.0, -178.0, 1.0])
 list([151.0, -207.0, 1.0]) list([501.0, -312.0, 1.0])
 list([169.0, -195.0, 1.0])]
[0.8883115543295013 -0.38979591836734695 -106.44285714285714
 -0.31417117641052505 -155.31817001327394 list([499.0, -314.0, 1.0])
 list([83.0, -193.0, 1.0]) list([208.0, -215.0, 1.0])
 list([94.0, -177.0, 1.0])]
[0.9150257540242691 -0.38979591836734695 -106.44285714285714
 -0.3337555863448375 -150.06522038065282 list([79.0, -191.0, 1.0])
 list([519.0, -324.0, 1.0]) list([250.0, -235.0, 1.0])
 list([113.0, -171.0, 0.9])]
[0.7940485968258425 -0.38979591836734695 -106.44285714285714
 -0.24704250122129945 -174.6040234489497 list([80.0, -190.0, 1.0])
 list([79.0, -188.0, 1.0]) list([323.0, -279.0, 0.8])
 list([504.0, -285.0, 1.0])]
[0.9089854734918826 -0.38979591836734695 -106.44285714285714
 -0.3281204559697551 -147.10274167584853 list([354.0, -263.0, 0.8])
 list([499.0, -311.0, 0.9]) list([92.0, -177.0, 1.0])
 list([93.0, -178.0, 1.0])]
[0.8847961450623034 -0.38979591836734695 -106.44285714285714
 -0.31275967383495995 -160.07016812371077 list([521.0, -322.0, 0.9])
 list([141.0, -205.0, 1.0]) list([485.0, -313.0, 1.0])
 list([179.0, -215.0, 0.9])]
[0.8816319513822415 -0.38979591836734695 -106.44285714285714
 -0.31127457292684046 -163.58392485334988 list([240.0, -247.0, 0.8])
 list([93.0, -187.0, 1.0]) list([498.0, -315.0, 1.0])
 list([514.0, -324.0, 1.0])]
[0.8654854445674033 -0.38979591836734695 -106.44285714285714
 -0.2972396481567614 -158.43055223799294 list([152.0, -200.0, 1.0])
 list([519.0, -327.0, 1.0]) list([462.0, -279.0, 1.0])
 list([143.0, -207.0, 1.0])]
[0.8347600572866702 -0.38979591836734695 -106.44285714285714
 -0.27417884896028677 -160.6862399511866 list([499.0, -316.0, 1.0])
 list([94.0, -189.0, 0.9333333333333333]) list([502.0, -281.0, 1.0])
 list([208.0, -214.0, 0.95])]
[0.8206367784564783 -0.38979591836734695 -106.44285714285714
 -0.2613985312422867 -153.4224257592607 list([453.0, -273.0, 1.0])
 list([103.0, -174.0, 0.85]) list([111.0, -171.0, 1.0])
 list([84.0, -192.0, 1.0])]
[0.9731440374219688 -0.38979591836734695 -106.44285714285714
 -0.37890648906989804 -144.17963729532138 list([469.0, -321.0, 0.8])
 list([110.0, -176.0, 1.0]) list([122.0, -190.0, 0.8])
 list([139.0, -208.0, 0.8])]
[0.8587863582475717 -0.38979591836734695 -106.44285714285714
 -0.2950487618878537 -169.168004575588 list([499.0, -309.0, 1.0])
 list([79.0, -189.0, 1.0]) list([322.0, -277.0, 1.0])
 list([84.0, -192.0, 1.0])]
[0.910356726974533 -0.38979591836734695 -106.44285714285714
 -0.3241856382963809 -129.50284188890976 list([484.0, -301.0, 0.8])
 list([501.0, -286.0, 0.8]) list([504.0, -285.0, 1.0])
 list([152.0, -178.0, 0.8])]
[0.8896462816842825 -0.38979591836734695 -106.44285714285714
 -0.31583864317244226 -157.50872540505875 list([92.0, -177.0, 1.0])
 list([506.0, -315.0, 1.0]) list([321.0, -280.0, 1.0])
 list([512.0, -310.0, 1.0])]
[0.8535987581906345 -0.38979591836734695 -106.44285714285714
 -0.29023587020622915 -166.31323536882456 list([496.0, -312.0, 1.0])
 list([84.0, -192.0, 1.0]) list([496.0, -311.0, 1.0])
 list([353.0, -265.0, 1.0])]
[0.7434460829440404 -0.38979591836734695 -106.44285714285714
 -0.2114780383210636 -183.16232752284148 list([501.0, -289.0, 1.0])
 list([80.0, -192.0, 1.0]) list([454.0, -277.0, 1.0])
 list([163.0, -228.0, 1.0])]
[0.814532106171016 -0.38979591836734695 -106.44285714285714
 -0.2598341739293899 -164.63825538654754 list([449.0, -276.0, 1.0])
 list([153.0, -203.0, 1.0]) list([482.0, -295.0, 0.9])
 list([80.0, -187.0, 1.0])]
[0.8368786630418917 -0.38979591836734695 -106.44285714285714
 -0.27733239503072815 -166.21500257899933
 list([80.0, -189.0, 0.9545454545454546]) list([502.0, -288.0, 0.95])
 list([330.0, -258.0, 0.8]) list([520.0, -327.0, 1.0])]
[0.7748552331362016 -0.38979591836734695 -106.44285714285714
 -0.23375614807144984 -178.86286564845932 list([79.0, -192.0, 1.0])
 list([503.0, -283.0, 1.0]) list([317.0, -277.0, 1.0])
 list([83.0, -193.0, 1.0])]
[0.92695971647995 -0.38979591836734695 -106.44285714285714
 -0.3433103662184017 -150.23227064270998 list([519.0, -324.0, 1.0])
 list([93.0, -176.0, 1.0]) list([124.0, -190.0, 0.9])
 list([240.0, -246.0, 0.9])]
[0.9145270110574062 -0.38979591836734695 -106.44285714285714
 -0.3360798507739259 -159.5524514829951 list([521.0, -326.0, 1.0])
 list([73.0, -179.0, 1.0]) list([316.0, -276.0, 1.0])
 list([470.0, -321.0, 0.9])]
[0.8501241450869712 -0.38979591836734695 -106.44285714285714
 -0.2872213730888472 -165.1251910550094 list([498.0, -309.0, 1.0])
 list([176.0, -215.0, 0.8]) list([84.0, -194.0, 1.0])
 list([142.0, -201.0, 1.0])]
[0.7305002576151802 -0.38979591836734695 -106.44285714285714
 -0.20194121572878526 -183.36472345777122 list([84.0, -194.0, 1.0])
 list([456.0, -272.0, 0.8]) list([165.0, -225.0, 1.0])
 list([501.0, -286.0, 0.8])]
[0.8397811690484909 -0.38979591836734695 -106.44285714285714
 -0.27930537775752295 -165.29340988254262 list([126.0, -213.0, 0.9])
 list([209.0, -214.0, 0.9]) list([512.0, -310.0, 1.0])
 list([94.0, -187.0, 0.95])]
[0.9527499577124119 -0.38979591836734695 -106.44285714285714
 -0.36007926648653665 -136.58084974956 list([507.0, -318.0, 1.0])
 list([352.0, -266.0, 1.0]) list([104.0, -173.0, 1.0])
 list([508.0, -319.0, 1.0])]
[0.96698974069075 -0.38979591836734695 -106.44285714285714
 -0.36981120987291555 -130.36797179166976 list([519.0, -324.0, 1.0])
 list([514.0, -324.0, 1.0]) list([498.0, -309.0, 1.0])
 list([174.0, -195.0, 0.9])]
[0.9406045168688816 -0.38979591836734695 -106.44285714285714
 -0.352996395798975 -145.8979046544573
 list([93.0, -175.0, 0.8428571428571429]) list([302.0, -269.0, 1.0])
 list([508.0, -317.0, 1.0]) list([101.0, -177.0, 0.95])]
[0.7744608335801778 -0.38979591836734695 -106.44285714285714
 -0.23166352361072023 -172.22008286747504 list([462.0, -277.0, 0.9])
 list([80.0, -179.0, 1.0]) list([461.0, -278.0, 1.0])
 list([163.0, -225.0, 0.85])]
