1_6.npy
[0.893091221806987 -0.38979591836734695 -106.44285714285714
 -0.3174891279636842 -153.78525253191938 list([507.0, -317.0, 1.0])
 list([508.0, -316.0, 1.0]) list([80.0, -179.0, 1.0])
 list([81.0, -178.0, 1.0]) list([499.0, -309.0, 1.0])
 list([74.0, -179.0, 1.0])]
[0.8977868800745135 -0.38979591836734695 -106.44285714285714
 -0.32086272190650833 -152.6565297791627 list([499.0, -309.0, 1.0])
 list([515.0, -322.0, 1.0]) list([500.0, -313.0, 1.0])
 list([87.0, -190.0, 1.0]) list([80.0, -178.0, 1.0])
 list([105.0, -177.0, 1.0])]
[0.8670933978404041 -0.38979591836734695 -106.44285714285714
 -0.298070693924827 -156.94095677504316 list([500.0, -280.0, 1.0])
 list([519.0, -327.0, 1.0]) list([497.0, -316.0, 1.0])
 list([79.0, -188.0, 1.0]) list([82.0, -187.0, 1.0])
 list([109.0, -176.0, 1.0])]
[0.8730644420491477 -0.38979591836734695 -106.44285714285714
 -0.30280052732805396 -157.24901389352914 list([105.0, -177.0, 1.0])
 list([93.0, -175.0, 0.7857142857142857]) list([80.0, -192.0, 1.0])
 list([498.0, -315.0, 1.0]) list([85.0, -194.0, 1.0])
 list([498.0, -302.0, 1.0])]
[0.8881202851217971 -0.38979591836734695 -106.44285714285714
 -0.3124450568793312 -149.74515511478128 list([92.0, -172.0, 1.0])
 list([79.0, -189.0, 1.0]) list([93.0, -172.0, 1.0])
 list([508.0, -315.0, 1.0]) list([466.0, -278.0, 1.0])
 list([508.0, -318.0, 1.0])]
[0.9342987406887654 -0.38979591836734695 -106.44285714285714
 -0.34834330805780217 -147.31731362215646 list([516.0, -322.0, 1.0])
 list([497.0, -315.0, 1.0]) list([474.0, -325.0, 0.8])
 list([107.0, -177.0, 1.0]) list([80.0, -190.0, 1.0])
 list([109.0, -176.0, 1.0])]
[0.8336640131760952 -0.38979591836734695 -106.44285714285714
 -0.27479602797451563 -165.9563553184562 list([519.0, -326.0, 1.0])
 list([514.0, -324.0, 1.0]) list([456.0, -278.0, 1.0])
 list([81.0, -189.0, 1.0]) list([77.0, -189.0, 0.95])
 list([501.0, -280.0, 1.0])]
[0.8427432860873985 -0.38979591836734695 -106.44285714285714
 -0.2809548224450964 -163.0326326249245 list([512.0, -310.0, 1.0])
 list([81.0, -193.0, 1.0]) list([455.0, -277.0, 1.0])
 list([81.0, -191.0, 1.0]) list([93.0, -178.0, 1.0])
 list([500.0, -313.0, 1.0])]
[0.8992807053522195 -0.38979591836734695 -106.44285714285714
 -0.3200034991872855 -145.49231448663537 list([465.0, -278.0, 0.85])
 list([499.0, -314.0, 1.0]) list([110.0, -176.0, 1.0])
 list([77.0, -178.0, 1.0]) list([503.0, -313.0, 1.0])
 list([93.0, -173.0, 1.0])]
[0.9661922150060831 -0.38979591836734695 -106.44285714285714
 -0.37357948005125635 -145.39111265556116 list([93.0, -176.0, 1.0])
 list([470.0, -321.0, 0.9]) list([83.0, -193.0, 1.0])
 list([92.0, -174.0, 1.0]) list([93.0, -173.0, 1.0])
 list([469.0, -321.0, 0.8])]
[0.8645629131401796 -0.38979591836734695 -106.44285714285714
 -0.29589011561303585 -156.1667385341612 list([109.0, -176.0, 1.0])
 list([93.0, -189.0, 0.9]) list([509.0, -291.0, 1.0])
 list([515.0, -325.0, 1.0]) list([153.0, -200.0, 1.0])
 list([81.0, -188.0, 1.0])]
[0.8830538502547798 -0.38979591836734695 -106.44285714285714
 -0.3071555199481798 -145.0426993752611 list([516.0, -322.0, 1.0])
 list([502.0, -288.0, 0.9]) list([73.0, -178.0, 1.0])
 list([109.0, -176.0, 1.0]) list([455.0, -277.0, 1.0])
 list([112.0, -172.0, 1.0])]
[0.9120826914354894 -0.38979591836734695 -106.44285714285714
 -0.3322239363896228 -152.8734112626784 list([515.0, -322.0, 1.0])
 list([163.0, -224.0, 1.0]) list([521.0, -326.0, 1.0])
 list([519.0, -327.0, 1.0]) list([104.0, -173.0, 1.0])
 list([498.0, -316.0, 1.0])]
[0.8881429929079002 -0.38979591836734695 -106.44285714285714
 -0.3143740870516609 -156.50230548409672 list([500.0, -313.0, 1.0])
 list([92.0, -172.0, 1.0]) list([140.0, -206.0, 1.0])
 list([140.0, -204.0, 1.0]) list([80.0, -187.0, 1.0])
 list([508.0, -316.0, 1.0])]
[0.895393759405755 -0.38979591836734695 -106.44285714285714
 -0.31769763860369615 -148.13953413757696 list([508.0, -315.0, 1.0])
 list([112.0, -170.0, 1.0]) list([465.0, -278.0, 0.85])
 list([520.0, -325.0, 1.0]) list([82.0, -192.0, 1.0])
 list([136.0, -188.0, 1.0])]
[0.9253618190010104 -0.38979591836734695 -106.44285714285714
 -0.3413328508458605 -147.79837846774882 list([152.0, -207.0, 1.0])
 list([143.0, -207.0, 1.0]) list([519.0, -327.0, 1.0])
 list([496.0, -314.0, 1.0]) list([521.0, -325.0, 1.0])
 list([112.0, -170.0, 1.0])]
[0.8948492253205663 -0.38979591836734695 -106.44285714285714
 -0.3176364071101989 -149.4326836159839 list([86.0, -176.0, 1.0])
 list([469.0, -276.0, 0.75]) list([521.0, -327.0, 1.0])
 list([513.0, -319.0, 1.0]) list([143.0, -207.0, 1.0])
 list([111.0, -177.0, 1.0])]
[0.8636483976267696 -0.38979591836734695 -106.44285714285714
 -0.29573593420766403 -158.15015047015973 list([152.0, -210.0, 0.9])
 list([92.0, -173.0, 1.0]) list([467.0, -276.0, 0.9])
 list([507.0, -318.0, 1.0]) list([508.0, -316.0, 1.0])
 list([80.0, -190.0, 1.0])]
[0.8317925101154695 -0.38979591836734695 -106.44285714285714
 -0.2712647895074751 -158.3581124461157 list([105.0, -177.0, 1.0])
 list([122.0, -190.0, 0.8]) list([453.0, -273.0, 1.0])
 list([514.0, -317.0, 0.8]) list([83.0, -193.0, 1.0])
 list([503.0, -283.0, 1.0])]
[0.8755618026906418 -0.38979591836734695 -106.44285714285714
 -0.30311296429270823 -151.43985369475817 list([84.0, -178.0, 1.0])
 list([84.0, -191.0, 0.9]) list([111.0, -169.0, 1.0])
 list([160.0, -200.0, 1.0]) list([512.0, -310.0, 1.0])
 list([482.0, -295.0, 0.9])]
[0.904028887455426 -0.38979591836734695 -106.44285714285714
 -0.3259128193945463 -153.10075070207316 list([141.0, -203.0, 1.0])
 list([160.0, -200.0, 1.0]) list([496.0, -317.0, 0.8])
 list([77.0, -190.0, 0.8]) list([93.0, -172.0, 1.0])
 list([507.0, -317.0, 1.0])]
[0.8783738727458228 -0.38979591836734695 -106.44285714285714
 -0.3081334684153215 -161.4821003733282 list([498.0, -316.0, 1.0])
 list([83.0, -194.0, 1.0]) list([497.0, -316.0, 1.0])
 list([153.0, -203.0, 1.0]) list([153.0, -200.0, 1.0])
 list([80.0, -191.0, 1.0])]
[0.7851054636173425 -0.38979591836734695 -106.44285714285714
 -0.23782766857659965 -165.48534214922498 list([77.0, -178.0, 1.0])
 list([504.0, -285.0, 1.0]) list([500.0, -281.0, 1.0])
 list([87.0, -190.0, 1.0]) list([200.0, -226.0, 1.0])
 list([83.0, -178.0, 1.0])]
[0.9568527894653692 -0.38979591836734695 -106.44285714285714
 -0.3653295654726957 -143.17692124192598 list([472.0, -323.0, 0.8])
 list([166.0, -226.0, 0.9]) list([94.0, -176.0, 1.0])
 list([108.0, -179.0, 1.0]) list([111.0, -169.0, 1.0])
 list([516.0, -322.0, 1.0])]
[0.8813308924765685 -0.38979591836734695 -106.44285714285714
 -0.3081806179756066 -153.45460608672454 list([84.0, -194.0, 1.0])
 list([496.0, -312.0, 1.0]) list([143.0, -205.0, 0.9])
 list([462.0, -277.0, 0.8]) list([113.0, -168.0, 1.0])
 list([520.0, -325.0, 1.0])]
[0.8597708885138509 -0.38979591836734695 -106.44285714285714
 -0.29196809994613204 -155.41584555333247 list([519.0, -324.0, 1.0])
 list([93.0, -178.0, 1.0]) list([453.0, -273.0, 1.0])
 list([502.0, -281.0, 1.0]) list([140.0, -205.0, 1.0])
 list([521.0, -322.0, 0.9])]
[0.9248228178121403 -0.38979591836734695 -106.44285714285714
 -0.34176624447846393 -150.79678529178454 list([140.0, -187.0, 1.0])
 list([501.0, -312.0, 1.0]) list([109.0, -176.0, 1.0])
 list([83.0, -194.0, 1.0]) list([474.0, -325.0, 0.8])
 list([142.0, -206.0, 1.0])]
[0.9157069739675874 -0.38979591836734695 -106.44285714285714
 -0.3312410514759957 -139.39487238472168 list([169.0, -195.0, 1.0])
 list([101.0, -177.0, 0.8]) list([461.0, -279.0, 1.0])
 list([92.0, -174.0, 1.0]) list([516.0, -322.0, 1.0])
 list([112.0, -170.0, 1.0])]
[0.8628333675246512 -0.38979591836734695 -106.44285714285714
 -0.2945817534891023 -156.28276147571987 list([496.0, -310.0, 0.9])
 list([77.0, -178.0, 1.0]) list([456.0, -272.0, 0.8])
 list([503.0, -313.0, 1.0]) list([101.0, -189.0, 0.9])
 list([415.0, -279.0, 1.0])]
[0.8506991322995661 -0.38979591836734695 -106.44285714285714
 -0.2853846935908285 -156.9317715142059 list([90.0, -190.0, 1.0])
 list([109.0, -176.0, 1.0]) list([521.0, -326.0, 1.0])
 list([467.0, -276.0, 0.9]) list([462.0, -279.0, 1.0])
 list([143.0, -206.0, 1.0])]
[0.8846329501436849 -0.38979591836734695 -106.44285714285714
 -0.30978611389931493 -149.99546779544434 list([502.0, -288.0, 0.9])
 list([515.0, -325.0, 1.0]) list([111.0, -171.0, 1.0])
 list([142.0, -196.0, 1.0]) list([184.0, -215.0, 1.0])
 list([102.0, -187.0, 1.0])]
[0.8322696440871491 -0.38979591836734695 -106.44285714285714
 -0.2729774052024689 -163.23941327683875 list([81.0, -192.0, 1.0])
 list([142.0, -204.0, 1.0]) list([94.0, -187.0, 0.85])
 list([515.0, -325.0, 1.0]) list([193.0, -208.0, 1.0])
 list([501.0, -280.0, 1.0])]
[0.7982495097602504 -0.38979591836734695 -106.44285714285714
 -0.2482700191162552 -167.4665063367839 list([456.0, -273.0, 0.8])
 list([94.0, -189.0, 0.9333333333333333]) list([500.0, -282.0, 1.0])
 list([501.0, -312.0, 1.0]) list([502.0, -288.0, 0.9])
 list([143.0, -206.0, 1.0])]
[0.8896112048746372 -0.38979591836734695 -106.44285714285714
 -0.31651109615553424 -159.97928536494626 list([227.0, -228.0, 0.9])
 list([499.0, -316.0, 1.0]) list([101.0, -189.0, 0.9])
 list([519.0, -327.0, 1.0]) list([132.0, -206.0, 1.0])
 list([80.0, -187.0, 1.0])]
[0.9126461762616083 -0.38979591836734695 -106.44285714285714
 -0.33229908939212205 -151.57436330234611 list([92.0, -174.0, 1.0])
 list([143.0, -206.0, 1.0]) list([106.0, -173.0, 1.0])
 list([79.0, -188.0, 1.0]) list([515.0, -322.0, 1.0])
 list([141.0, -204.0, 1.0])]
[0.9017796743828886 -0.38979591836734695 -106.44285714285714
 -0.32348688087180094 -150.8180134711433 list([253.0, -236.0, 0.8])
 list([508.0, -316.0, 1.0]) list([521.0, -322.0, 0.9])
 list([497.0, -308.0, 1.0]) list([69.0, -179.0, 0.8])
 list([140.0, -187.0, 1.0])]
[0.8526377756963425 -0.38979591836734695 -106.44285714285714
 -0.28953491473261667 -166.46278073258586 list([205.0, -214.0, 1.0])
 list([130.0, -211.0, 1.0]) list([507.0, -317.0, 1.0])
 list([482.0, -295.0, 0.9]) list([84.0, -194.0, 1.0])
 list([520.0, -326.0, 1.0])]
[0.9358609170989598 -0.38979591836734695 -106.44285714285714
 -0.3502876580019317 -149.7033427119641 list([84.0, -178.0, 1.0])
 list([77.0, -178.0, 1.0]) list([75.0, -179.0, 0.8])
 list([319.0, -277.0, 0.8]) list([93.0, -172.0, 1.0])
 list([499.0, -316.0, 1.0])]
[0.884348660499124 -0.38979591836734695 -106.44285714285714
 -0.311559130531878 -157.0624576553644 list([508.0, -315.0, 1.0])
 list([89.0, -190.0, 0.9]) list([253.0, -236.0, 0.8])
 list([514.0, -317.0, 0.8]) list([141.0, -205.0, 1.0])
 list([89.0, -176.0, 0.75])]
[0.8674451528667921 -0.38979591836734695 -106.44285714285714
 -0.2984762431428434 -157.41325670971773 list([469.0, -276.0, 0.75])
 list([101.0, -189.0, 0.9]) list([520.0, -326.0, 1.0])
 list([71.0, -178.0, 1.0]) list([94.0, -177.0, 1.0])
 list([241.0, -245.0, 0.85])]
[0.7908734121936136 -0.38979591836734695 -106.44285714285714
 -0.24185656810730702 -164.3427223536006 list([142.0, -196.0, 1.0])
 list([79.0, -191.0, 1.0]) list([449.0, -276.0, 1.0])
 list([471.0, -276.0, 0.95]) list([93.0, -178.0, 1.0])
 list([93.0, -190.0, 0.9])]
[0.8988642003019455 -0.38979591836734695 -106.44285714285714
 -0.319927712053011 -146.37972256153674 list([120.0, -169.0, 0.8])
 list([519.0, -327.0, 1.0]) list([305.0, -267.0, 1.0])
 list([111.0, -171.0, 1.0]) list([500.0, -281.0, 1.0])
 list([82.0, -187.0, 1.0])]
[0.7974762532498045 -0.38979591836734695 -106.44285714285714
 -0.2457112732761142 -160.2168989012338 list([179.0, -215.0, 0.9])
 list([92.0, -174.0, 1.0]) list([103.0, -174.0, 0.85])
 list([501.0, -281.0, 1.0]) list([456.0, -273.0, 0.8])
 list([80.0, -191.0, 1.0])]
[0.9128471530761336 -0.38979591836734695 -106.44285714285714
 -0.33429166244943687 -157.97321637355466 list([103.0, -173.0, 0.9])
 list([471.0, -323.0, 0.8]) list([84.0, -193.0, 1.0])
 list([496.0, -311.0, 0.9]) list([83.0, -192.0, 0.8333333333333334])
 list([322.0, -277.0, 0.9])]
[0.9426909947939104 -0.38979591836734695 -106.44285714285714
 -0.3504304686022885 -131.2681549988771 list([328.0, -251.0, 0.8])
 list([112.0, -170.0, 1.0]) list([496.0, -311.0, 0.9])
 list([502.0, -287.0, 0.9]) list([521.0, -325.0, 1.0])
 list([111.0, -169.0, 1.0])]
[0.9484514743237922 -0.38979591836734695 -106.44285714285714
 -0.3591099027800139 -145.1688398976905 list([515.0, -322.0, 1.0])
 list([317.0, -277.0, 1.0]) list([89.0, -176.0, 0.75])
 list([84.0, -191.0, 0.9]) list([109.0, -176.0, 1.0])
 list([114.0, -170.0, 0.9])]
[0.9088859429416937 -0.38979591836734695 -106.44285714285714
 -0.3303842938660787 -155.30218467186 list([93.0, -189.0, 0.9])
 list([474.0, -325.0, 0.8]) list([93.0, -172.0, 1.0])
 list([422.0, -279.0, 1.0]) list([79.0, -188.0, 1.0])
 list([132.0, -206.0, 1.0])]
[0.8077323173869996 -0.38979591836734695 -106.44285714285714
 -0.2524022672999327 -156.32960322251165 list([103.0, -174.0, 0.85])
 list([150.0, -206.0, 0.95]) list([503.0, -283.0, 1.0])
 list([113.0, -174.0, 0.8]) list([81.0, -193.0, 1.0])
 list([100.0, -173.0, 1.0])]
[0.8796863697064664 -0.38979591836734695 -106.44285714285714
 -0.30292674525091784 -139.34692979508162 list([455.0, -277.0, 1.0])
 list([140.0, -187.0, 1.0]) list([461.0, -279.0, 1.0])
 list([111.0, -169.0, 1.0]) list([113.0, -168.0, 1.0])
 list([93.0, -172.0, 1.0])]
[0.8147888601803215 -0.38979591836734695 -106.44285714285714
 -0.2589780328549305 -160.8041625425055 list([152.0, -210.0, 0.9])
 list([500.0, -282.0, 1.0]) list([136.0, -188.0, 1.0])
 list([514.0, -317.0, 0.8]) list([502.0, -281.0, 1.0])
 list([471.0, -276.0, 0.95])]
[0.8589356918585207 -0.38979591836734695 -106.44285714285714
 -0.29204722832287583 -158.01381095788147 list([498.0, -309.0, 1.0])
 list([94.0, -176.0, 1.0]) list([496.0, -312.0, 1.0])
 list([347.0, -262.0, 1.0]) list([82.0, -192.0, 1.0])
 list([455.0, -273.0, 0.9])]
[0.9177693444274084 -0.38979591836734695 -106.44285714285714
 -0.3310814381349969 -133.1214966527511 list([114.0, -170.0, 0.9])
 list([120.0, -169.0, 0.8]) list([354.0, -263.0, 0.8])
 list([502.0, -286.0, 1.0]) list([507.0, -317.0, 1.0])
 list([503.0, -289.0, 1.0])]
[0.8820258056832114 -0.38979591836734695 -106.44285714285714
 -0.3095130020779116 -156.25276130242693 list([307.0, -266.0, 1.0])
 list([521.0, -327.0, 1.0]) list([79.0, -189.0, 1.0])
 list([69.0, -179.0, 0.8]) list([449.0, -276.0, 1.0])
 list([108.0, -175.0, 0.9])]
[0.8838728300947752 -0.38979591836734695 -106.44285714285714
 -0.31332655670362386 -164.6336035252447 list([81.0, -189.0, 1.0])
 list([93.0, -187.0, 0.9333333333333333]) list([520.0, -325.0, 1.0])
 list([130.0, -211.0, 1.0]) list([85.0, -192.0, 1.0])
 list([314.0, -267.0, 0.9])]
[0.871055973889956 -0.38979591836734695 -106.44285714285714
 -0.30198366901207463 -159.90746652519755 list([142.0, -204.0, 1.0])
 list([207.0, -214.0, 1.0]) list([508.0, -318.0, 1.0])
 list([143.0, -207.0, 1.0]) list([143.0, -205.0, 0.9])
 list([498.0, -307.0, 1.0])]
[0.8722505257915989 -0.38979591836734695 -106.44285714285714
 -0.29856165483450525 -144.40094455004802 list([113.0, -174.0, 0.8])
 list([501.0, -289.0, 1.0]) list([174.0, -195.0, 0.9])
 list([511.0, -300.0, 1.0]) list([100.0, -173.0, 1.0])
 list([204.0, -214.0, 1.0])]
[0.8634894623903899 -0.38979591836734695 -106.44285714285714
 -0.2959644585455175 -159.40721925246498 list([515.0, -325.0, 1.0])
 list([201.0, -224.0, 0.8]) list([500.0, -310.0, 1.0])
 list([135.0, -188.0, 0.85]) list([464.0, -279.0, 1.0])
 list([79.0, -191.0, 1.0])]
[0.8459828227035715 -0.38979591836734695 -106.44285714285714
 -0.28141601580103476 -155.7170865425966 list([498.0, -307.0, 1.0])
 list([333.0, -250.0, 1.0]) list([469.0, -276.0, 0.75])
 list([80.0, -188.0, 1.0]) list([80.0, -178.0, 1.0])
 list([106.0, -176.0, 1.0])]
[0.8916888644533836 -0.38979591836734695 -106.44285714285714
 -0.3150774841405236 -149.1605165439111 list([174.0, -195.0, 0.9])
 list([89.0, -176.0, 0.75]) list([499.0, -309.0, 1.0])
 list([113.0, -172.0, 1.0]) list([81.0, -187.0, 1.0])
 list([101.0, -189.0, 0.9])]
[0.7984131406274613 -0.38979591836734695 -106.44285714285714
 -0.2476898340744991 -164.88439158657297 list([87.0, -190.0, 1.0])
 list([142.0, -207.0, 1.0]) list([103.0, -173.0, 0.9])
 list([81.0, -192.0, 1.0]) list([449.0, -276.0, 1.0])
 list([461.0, -279.0, 1.0])]
[0.8944399580325106 -0.38979591836734695 -106.44285714285714
 -0.31981333505871706 -158.23779965060982 list([521.0, -322.0, 0.9])
 list([163.0, -228.0, 1.0]) list([103.0, -173.0, 0.9])
 list([143.0, -206.0, 1.0]) list([142.0, -202.0, 1.0])
 list([143.0, -207.0, 1.0])]
[0.7819776023464197 -0.38979591836734695 -106.44285714285714
 -0.23814207131374932 -175.31280649515375 list([141.0, -205.0, 1.0])
 list([83.0, -194.0, 1.0]) list([501.0, -289.0, 1.0])
 list([305.0, -271.0, 1.0]) list([80.0, -188.0, 1.0])
 list([503.0, -289.0, 1.0])]
[0.9878009394557785 -0.38979591836734695 -106.44285714285714
 -0.3864899740031714 -129.14250386925133 list([330.0, -258.0, 0.8])
 list([109.0, -176.0, 1.0]) list([520.0, -326.0, 1.0])
 list([120.0, -169.0, 0.8]) list([499.0, -316.0, 1.0])
 list([469.0, -321.0, 0.8])]
[0.8611274837058716 -0.38979591836734695 -106.44285714285714
 -0.29316143497757835 -155.9289050822123 list([92.0, -174.0, 1.0])
 list([84.0, -191.0, 0.9]) list([515.0, -325.0, 1.0])
 list([354.0, -263.0, 0.8]) list([502.0, -283.0, 1.0])
 list([160.0, -200.0, 1.0])]
[0.8837314148423848 -0.38979591836734695 -106.44285714285714
 -0.31239144649689415 -161.71829301038105 list([521.0, -325.0, 1.0])
 list([507.0, -317.0, 1.0]) list([306.0, -265.0, 1.0])
 list([144.0, -199.0, 1.0]) list([141.0, -203.0, 1.0])
 list([83.0, -193.0, 1.0])]
[0.8492577690043541 -0.38979591836734695 -106.44285714285714
 -0.28576484095601323 -162.29279845038545 list([500.0, -282.0, 1.0])
 list([154.0, -205.0, 1.0]) list([497.0, -310.0, 1.0])
 list([101.0, -189.0, 0.9]) list([218.0, -230.0, 1.0])
 list([515.0, -325.0, 1.0])]
[0.8422694863289981 -0.38979591836734695 -106.44285714285714
 -0.282890639561049 -171.3193441192114 list([503.0, -313.0, 1.0])
 list([80.0, -191.0, 1.0]) list([497.0, -316.0, 1.0])
 list([251.0, -237.0, 1.0]) list([500.0, -310.0, 1.0])
 list([163.0, -225.0, 0.85])]
[0.8917577305585123 -0.38979591836734695 -106.44285714285714
 -0.315377053256989 -150.02759457527782 list([317.0, -277.0, 1.0])
 list([497.0, -308.0, 1.0]) list([462.0, -279.0, 1.0])
 list([89.0, -178.0, 1.0]) list([73.0, -177.0, 1.0])
 list([112.0, -170.0, 1.0])]
[0.8496702928198594 -0.38979591836734695 -106.44285714285714
 -0.2860334216693314 -162.11492805361482 list([142.0, -206.0, 1.0])
 list([71.0, -178.0, 1.0]) list([501.0, -312.0, 1.0])
 list([500.0, -313.0, 1.0]) list([201.0, -225.0, 1.0])
 list([453.0, -273.0, 1.0])]
[0.9050999214308714 -0.38979591836734695 -106.44285714285714
 -0.3265251627005808 -152.28006959279315 list([73.0, -178.0, 1.0])
 list([142.0, -204.0, 1.0]) list([109.0, -172.0, 1.0])
 list([515.0, -322.0, 1.0]) list([349.0, -264.0, 1.0])
 list([87.0, -190.0, 1.0])]
[0.7442563058424829 -0.38979591836734695 -106.44285714285714
 -0.21290801997617714 -186.2533357374685 list([164.0, -226.0, 1.0])
 list([456.0, -272.0, 0.8]) list([135.0, -211.0, 1.0])
 list([121.0, -213.0, 0.9]) list([503.0, -313.0, 1.0])
 list([502.0, -283.0, 1.0])]
[0.8922306820723863 -0.38979591836734695 -106.44285714285714
 -0.3141055799373041 -144.22535373040753 list([93.0, -172.0, 1.0])
 list([501.0, -281.0, 1.0]) list([206.0, -214.0, 1.0])
 list([455.0, -273.0, 0.9]) list([519.0, -324.0, 1.0])
 list([498.0, -315.0, 1.0])]
[0.8139594057728492 -0.38979591836734695 -106.44285714285714
 -0.25942431142554645 -164.73067716823235 list([79.0, -191.0, 1.0])
 list([464.0, -279.0, 1.0]) list([462.0, -277.0, 0.8])
 list([498.0, -315.0, 1.0]) list([192.0, -209.0, 0.9])
 list([466.0, -278.0, 1.0])]
[0.8014172277496072 -0.38979591836734695 -106.44285714285714
 -0.24911918254091267 -161.8022418316467 list([469.0, -276.0, 0.75])
 list([184.0, -215.0, 1.0]) list([84.0, -192.0, 1.0])
 list([463.0, -279.0, 1.0]) list([462.0, -277.0, 0.8])
 list([113.0, -174.0, 0.8])]
[0.7635221228394706 -0.38979591836734695 -106.44285714285714
 -0.22387135318132043 -173.66151647913966 list([94.0, -177.0, 1.0])
 list([142.0, -204.0, 1.0]) list([132.0, -211.0, 1.0])
 list([465.0, -278.0, 0.85]) list([503.0, -283.0, 1.0])
 list([165.0, -225.0, 1.0])]
[0.8765842575858416 -0.38979591836734695 -106.44285714285714
 -0.3025611516457006 -146.64271446814865 list([111.0, -169.0, 1.0])
 list([100.0, -173.0, 1.0]) list([141.0, -205.0, 1.0])
 list([514.0, -317.0, 0.8]) list([329.0, -249.0, 0.7333333333333333])
 list([501.0, -280.0, 1.0])]
[0.934410532178421 -0.38979591836734695 -106.44285714285714
 -0.34738989778801954 -143.711444014224 list([516.0, -322.0, 1.0])
 list([106.0, -173.0, 1.0]) list([110.0, -176.0, 1.0])
 list([253.0, -236.0, 0.8]) list([135.0, -188.0, 0.85])
 list([94.0, -189.0, 0.9333333333333333])]
[0.8218586762632208 -0.38979591836734695 -106.44285714285714
 -0.26460610829894937 -161.71265171494602 list([497.0, -315.0, 1.0])
 list([236.0, -225.0, 0.8]) list([101.0, -188.0, 0.775])
 list([453.0, -273.0, 1.0]) list([501.0, -280.0, 1.0])
 list([93.0, -187.0, 0.9333333333333333])]
[0.9110404086939206 -0.38979591836734695 -106.44285714285714
 -0.3276813850398806 -139.86980902175716 list([208.0, -214.0, 0.9])
 list([111.0, -175.0, 1.0]) list([474.0, -325.0, 0.8])
 list([110.0, -172.0, 1.0]) list([462.0, -277.0, 0.8])
 list([502.0, -288.0, 0.9])]
[0.8147092739522858 -0.38979591836734695 -106.44285714285714
 -0.2624987794160726 -173.85666682941118 list([143.0, -207.0, 1.0])
 list([502.0, -281.0, 1.0]) list([500.0, -313.0, 1.0])
 list([85.0, -194.0, 1.0]) list([507.0, -317.0, 1.0])
 list([312.0, -269.0, 1.0])]
[0.8047978795771015 -0.38979591836734695 -106.44285714285714
 -0.25226113440083486 -163.94510404057974 list([502.0, -287.0, 0.9])
 list([336.0, -257.0, 0.9]) list([77.0, -177.0, 1.0])
 list([122.0, -190.0, 0.8]) list([461.0, -279.0, 1.0])
 list([85.0, -193.0, 1.0])]
[0.7826574908642777 -0.38979591836734695 -106.44285714285714
 -0.23656616756640525 -167.61610447153095 list([164.0, -226.0, 1.0])
 list([464.0, -279.0, 1.0]) list([103.0, -174.0, 0.85])
 list([471.0, -276.0, 0.95]) list([151.0, -205.0, 1.0])
 list([504.0, -285.0, 1.0])]
[0.8713106234353282 -0.38979591836734695 -106.44285714285714
 -0.29822715511976267 -145.81217681069296
 list([93.0, -175.0, 0.7857142857142857]) list([150.0, -179.0, 0.8])
 list([318.0, -279.0, 1.0]) list([503.0, -283.0, 1.0])
 list([112.0, -170.0, 1.0]) list([501.0, -289.0, 1.0])]
[0.9559439034068424 -0.38979591836734695 -106.44285714285714
 -0.3632404658927446 -138.55486411461615 list([249.0, -236.0, 1.0])
 list([519.0, -324.0, 1.0]) list([255.0, -238.0, 0.95])
 list([93.0, -176.0, 1.0]) list([514.0, -324.0, 1.0])
 list([120.0, -169.0, 0.8])]
[0.9335622959401192 -0.38979591836734695 -106.44285714285714
 -0.3471700549953184 -145.30181775132644 list([500.0, -313.0, 1.0])
 list([128.0, -190.0, 0.8]) list([319.0, -277.0, 0.8])
 list([139.0, -198.0, 1.0]) list([502.0, -314.0, 1.0])
 list([112.0, -170.0, 1.0])]
[0.836883936799243 -0.38979591836734695 -106.44285714285714
 -0.2774345224024821 -166.56924043909873 list([80.0, -192.0, 1.0])
 list([163.0, -224.0, 1.0]) list([135.0, -211.0, 1.0])
 list([182.0, -195.0, 0.8]) list([455.0, -277.0, 1.0])
 list([519.0, -326.0, 1.0])]
[0.8890444895184635 -0.38979591836734695 -106.44285714285714
 -0.31431060068391453 -153.77967933415079 list([142.0, -202.0, 1.0])
 list([142.0, -201.0, 1.0]) list([461.0, -279.0, 1.0])
 list([75.0, -179.0, 0.8]) list([472.0, -322.0, 0.9])
 list([163.0, -197.0, 1.0])]
[0.9339375389728903 -0.38979591836734695 -106.44285714285714
 -0.34638406437052305 -141.54263565891472 list([508.0, -319.0, 1.0])
 list([111.0, -177.0, 1.0]) list([519.0, -326.0, 1.0])
 list([208.0, -215.0, 1.0]) list([422.0, -279.0, 1.0])
 list([128.0, -190.0, 0.8])]
[0.9014687118672885 -0.38979591836734695 -106.44285714285714
 -0.32519733141395135 -157.68546794007176 list([519.0, -324.0, 1.0])
 list([85.0, -194.0, 1.0]) list([95.0, -188.0, 0.8])
 list([92.0, -172.0, 1.0]) list([201.0, -230.0, 0.8])
 list([210.0, -229.0, 1.0])]
[0.8134580857578537 -0.38979591836734695 -106.44285714285714
 -0.25808620024315676 -161.23788055452962 list([153.0, -204.0, 1.0])
 list([112.0, -172.0, 1.0]) list([501.0, -289.0, 1.0])
 list([141.0, -202.0, 1.0]) list([94.0, -177.0, 1.0])
 list([121.0, -213.0, 0.9])]
[0.9162030002724235 -0.38979591836734695 -106.44285714285714
 -0.33326003161655166 -145.0730624489136 list([453.0, -273.0, 1.0])
 list([110.0, -172.0, 1.0]) list([95.0, -188.0, 0.8])
 list([208.0, -215.0, 1.0]) list([474.0, -325.0, 0.8])
 list([93.0, -175.0, 0.7857142857142857])]
[0.8720933676465478 -0.38979591836734695 -106.44285714285714
 -0.301366348065944 -154.83427416768234 list([93.0, -190.0, 0.9])
 list([142.0, -187.0, 0.9]) list([470.0, -321.0, 0.9])
 list([71.0, -178.0, 1.0]) list([502.0, -287.0, 0.9])
 list([328.0, -250.0, 0.8])]
[0.9171559057117568 -0.38979591836734695 -106.44285714285714
 -0.3332988554636145 -142.56782393086385 list([124.0, -190.0, 0.8])
 list([150.0, -179.0, 0.8]) list([520.0, -325.0, 1.0])
 list([521.0, -326.0, 1.0]) list([320.0, -265.0, 0.8])
 list([500.0, -282.0, 1.0])]
[0.802108544757111 -0.38979591836734695 -106.44285714285714
 -0.2502696201075981 -164.10357556148864 list([152.0, -203.0, 1.0])
 list([110.0, -176.0, 1.0]) list([500.0, -282.0, 1.0])
 list([79.0, -192.0, 1.0]) list([422.0, -279.0, 1.0])
 list([141.0, -204.0, 1.0])]
[0.832718059413643 -0.38979591836734695 -106.44285714285714
 -0.2732205547034141 -162.87700836061543 list([164.0, -228.0, 1.0])
 list([144.0, -199.0, 1.0]) list([497.0, -310.0, 1.0])
 list([455.0, -273.0, 0.9]) list([142.0, -187.0, 0.9])
 list([94.0, -189.0, 0.9333333333333333])]
[0.849994873655248 -0.38979591836734695 -106.44285714285714
 -0.2869047124026539 -164.3460411184309
 list([94.0, -189.0, 0.9333333333333333]) list([80.0, -191.0, 1.0])
 list([93.0, -176.0, 1.0]) list([309.0, -271.0, 1.0])
 list([479.0, -292.0, 0.8]) list([81.0, -193.0, 1.0])]
[0.9555086260973933 -0.38979591836734695 -106.44285714285714
 -0.36393127209271114 -142.12357376168953 list([94.0, -177.0, 1.0])
 list([485.0, -313.0, 1.0]) list([108.0, -175.0, 0.9])
 list([83.0, -178.0, 1.0]) list([109.0, -176.0, 1.0])
 list([306.0, -265.0, 1.0])]
[0.8947761041605501 -0.38979591836734695 -106.44285714285714
 -0.3183552842069153 -152.1696220359724 list([422.0, -279.0, 1.0])
 list([164.0, -196.0, 1.0]) list([141.0, -207.0, 1.0])
 list([508.0, -319.0, 1.0]) list([142.0, -207.0, 1.0])
 list([93.0, -173.0, 1.0])]
[0.88617049333561 -0.38979591836734695 -106.44285714285714
 -0.31320802439355677 -157.8470245762275 list([502.0, -314.0, 1.0])
 list([86.0, -176.0, 1.0]) list([307.0, -266.0, 1.0])
 list([503.0, -313.0, 1.0]) list([347.0, -262.0, 1.0])
 list([81.0, -188.0, 1.0])]
[0.9226888453485786 -0.38979591836734695 -106.44285714285714
 -0.3401179370907908 -150.98560667838808 list([90.0, -190.0, 1.0])
 list([94.0, -177.0, 1.0]) list([141.0, -205.0, 1.0])
 list([103.0, -173.0, 0.9]) list([306.0, -265.0, 1.0])
 list([507.0, -318.0, 1.0])]
